  9.146300 
  9.146300 
  9.206300 
  9.206300 
  9.176300 
  9.176300 
  9.176300 
  9.176300 
  9.146300 
  9.146300 
  9.191300 
  9.191300 
  9.131300 
  9.131300 
  9.176300 
  9.176300 
  9.176300 
  9.176300 
  9.131300 
  9.131300 
  9.176300 
  9.176300 
  9.131300 
  9.131300 
  9.146300 
  9.146300 
  9.176300 
  9.176300 
  9.176300 
  9.176300 
  9.116300 
  9.116300 
  9.146300 
  9.146300 
  9.146300 
  9.146300 
  9.131300 
  9.131300 
  9.176300 
  9.176300 
  9.176300 
  9.176300 
  9.191300 
  9.191300 
  9.146300 
  9.146300 
  9.161300 
  9.161300 
  9.161300 
  9.161300 
  9.176300 
  9.176300 
  9.146300 
  9.146300 
  9.161300 
  9.161300 
  9.161300 
  9.161300 
  9.131300 
  9.131300 
  9.176300 
  9.176300 
  9.161300 
  9.161300 
  9.146300 
  9.146300 
  9.161300 
  9.161300 
  9.131300 
  9.131300 
  9.146300 
  9.146300 
  9.116300 
  9.116300 
  9.176300 
  9.176300 
  9.191300 
  9.191300 
  9.161300 
  9.161300 
  9.161300 
  9.161300 
  9.116300 
  9.116300 
  9.131300 
  9.131300 
  9.146300 
  9.146300 
  9.161300 
  9.161300 
  9.131300 
  9.131300 
  9.146300 
  9.146300 
  9.146300 
  9.146300 
  9.131300 
  9.131300 
  9.161300 
  9.161300 
  9.191300 
  9.191300 
  9.131300 
  9.131300 
  9.161300 
  9.161300 
  9.161300 
  9.161300 
